sceneFilename = ../scenes/cryteksponza/sponza.bim
cameraPos= 784.069214, 525.171387, -123.871895
cameraLookAt = -784.925598, -525.603210, 124.154999
cameraFOV = 70
resolution = 1024, 768

addPointLight = -382.0, 160.0, -180.0, 50000.0, 50000.0, 50000.0
addPointLight = -382.0, 160.0, 150.0, 50000.0, 50000.0, 50000.0
addPointLight = 487.4, 160.0, -180.0, 50000.0, 50000.0, 50000.0
addPointLight = 487.4, 160.0, 150.0, 50000.0, 50000.0, 50000.0

renderer=0
//debugrenderer=1