sceneFilename = ../scenes/cryteksponza/sponza.rawscene
cameraPos= 784.069214, 525.171387, -123.871895
cameraLookAt = -784.925598, -525.603210, 124.154999
cameraFOV = 70
resolution = 1024, 768

renderer=0